Team: Appalachian State
Competition: NCAA Division I Men's Soccer Championship

Season: 2014
BlockSource: http://www.appstatesports.com/fls/21500/StatsHTML/MensSoccer/2014/teamcume.htm

*##           Player     GP-GS   Min     G       A       Pts     Sh      Shot%   SOG     SOG%    YC-RC   GW      PK-Att  Foul 

13          ; Broaden, Stanley  ; 18; 18  ; 1487   ; 7      ; 0      ; 14     ; 48     ; .146   ; 25     ; .521   ; 0; 0    ; 4      ; 1; 1 ; 0 
18          ; Herbst, Alex      ; 18; 18  ; 1627   ; 0      ; 8      ; 8      ; 14     ; .000   ; 5      ; .357   ; 5; 0    ; 0      ; 0; 0 ; 0 
17          ; Chapman, Stephen  ; 10; 7   ; 682    ; 3      ; 0      ; 6      ; 35     ; .086   ; 15     ; .429   ; 0; 0    ; 2      ; 0; 0 ; 0 
7           ; Japp, Donovan     ; 12; 10  ; 717    ; 1      ; 4      ; 6      ; 17     ; .059   ; 9      ; .529   ; 3; 1    ; 0      ; 0; 0 ; 0 
5           ; Harrow, Patrick   ; 18; 18  ; 1645   ; 1      ; 3      ; 5      ; 26     ; .038   ; 7      ; .269   ; 1; 0    ; 0      ; 0; 0 ; 0 
12          ; Beranger, Alex    ; 14; 11  ; 952    ; 2      ; 0      ; 4      ; 8      ; .250   ; 6      ; .750   ; 2; 0    ; 0      ; 0; 0 ; 0 
4           ; Tshongo, Jeremy   ; 16; 5   ; 584    ; 2      ; 0      ; 4      ; 4      ; .500   ; 3      ; .750   ; 0; 0    ; 0      ; 0; 0 ; 0 
14          ; Tanaka, Keegan    ; 18; 17  ; 1243   ; 1      ; 1      ; 3      ; 24     ; .042   ; 7      ; .292   ; 0; 0    ; 0      ; 0; 0 ; 0 
9           ; Hemphill, Trey    ; 15; 7   ; 824    ; 1      ; 1      ; 3      ; 24     ; .042   ; 9      ; .375   ; 2; 0    ; 0      ; 0; 0 ; 0 
11          ; Stamey, Austin    ; 17; 3   ; 562    ; 1      ; 1      ; 3      ; 7      ; .143   ; 4      ; .571   ; 0; 0    ; 0      ; 0; 0 ; 0 
6           ; McCarter, Mason   ; 17; 15  ; 1291   ; 1      ; 0      ; 2      ; 8      ; .125   ; 3      ; .375   ; 5; 0    ; 1      ; 0; 0 ; 0 
2           ; White, Walker     ; 17; 15  ; 1351   ; 1      ; 0      ; 2      ; 6      ; .167   ; 4      ; .667   ; 3; 0    ; 0      ; 0; 0 ; 0 
19          ; Coughlin, Cooper  ; 17; 6   ; 587    ; 0      ; 1      ; 1      ; 5      ; .000   ; 2      ; .400   ; 1; 0    ; 0      ; 0; 0 ; 0 
20          ; Walrath, John     ; 14; 1   ; 325    ; 0      ; 1      ; 1      ; 3      ; .000   ; 0      ; .000   ; 0; 0    ; 0      ; 0; 0 ; 0 
15          ; Steen, Ben        ; 17; 16  ; 1529   ; 0      ; 0      ; 0      ; 6      ; .000   ; 2      ; .333   ; 2; 0    ; 0      ; 0; 0 ; 0 
8           ; Melia, Jordan     ; 11; 9   ; 818    ; 0      ; 0      ; 0      ; 5      ; .000   ; 1      ; .200   ; 2; 0    ; 0      ; 0; 0 ; 0 
3           ; Williams, Seth    ; 14; 4   ; 438    ; 0      ; 0      ; 0      ; 3      ; .000   ; 0      ; .000   ; 0; 0    ; 0      ; 0; 0 ; 0 
21          ; Arpinon, Thibaut  ; 6; 0    ; 86     ; 0      ; 0      ; 0      ; 2      ; .000   ; 2      ; 1.000  ; 1; 0    ; 0      ; 0; 0 ; 0 
26          ; Hammond, Holland  ; 7; 4    ; 333    ; 0      ; 0      ; 0      ; 0      ; .000   ; 0      ; .000   ; 0; 0    ; 0      ; 0; 0 ; 0 
22          ; Adams, Jack       ; 2; 0    ; 19     ; 0      ; 0      ; 0      ; 0      ; .000   ; 0      ; .000   ; 0; 0    ; 0      ; 0; 0 ; 0 
16          ; Le Gal, Ben       ; 4; 0    ; 41     ; 0      ; 0      ; 0      ; 0      ; .000   ; 0      ; .000   ; 1; 0    ; 0      ; 0; 0 ; 0 
1           ; West, Paul        ; 14; 2   ; 1084   ; 0      ; 0      ; 0      ; 0      ; .000   ; 0      ; .000   ; 0; 0    ; 0      ; 0; 0 ; 0
