Team: Gonzaga University
Competition: NCAA Division I Men's Soccer Championship

Season: 2014
BlockSource: http://www.goseattleu.com/fls/18200/stats/msoccer/2014/teamcume.htm

*##           Player     GP-GS   Min     G       A       Pts     Sh      Shot%   SOG     SOG%    YC-RC   GW      PK-Att  Foul 

14          ; PHILLIPS, Clark           ; 18; 18  ; 1448   ; 3      ; 1      ; 7      ; 38     ; .079   ; 21     ; .553   ; 0; 0    ; 1   ; 1; 1 ; 0 
10          ; GRANLUND, Jakob           ; 15; 12  ; 979    ; 2      ; 2      ; 6      ; 27     ; .074   ; 11     ; .407   ; 2; 0    ; 0   ; 0; 0 ; 0 
7           ; LUDWIGS, Lars             ; 17; 17  ; 1434   ; 2      ; 2      ; 6      ; 36     ; .056   ; 16     ; .444   ; 5; 0    ; 2   ; 0; 0 ; 0 
3           ; LE, Graison               ; 18; 16  ; 926    ; 2      ; 3      ; 7      ; 20     ; .100   ; 4      ; .200   ; 2; 0    ; 0   ; 0; 0 ; 0 
5           ; HAMER, Zach               ; 13; 10  ; 890    ; 2      ; 2      ; 6      ; 17     ; .118   ; 6      ; .353   ; 0; 0    ; 2   ; 0; 0 ; 1 
9           ; BEVANS, Conner            ; 17; 15  ; 1154   ; 2      ; 2      ; 6      ; 42     ; .048   ; 21     ; .500   ; 2; 0    ; 0   ; 0; 0 ; 1 
11          ; PACHECO, Nate             ; 17; 1   ; 494    ; 1      ; 1      ; 3      ; 15     ; .067   ; 5      ; .333   ; 1; 0    ; 0   ; 0; 0 ; 0 
16          ; ULOWETZ, Nick             ; 10; 3   ; 465    ; 1      ; 0      ; 2      ; 2      ; .500   ; 1      ; .500   ; 1; 0    ; 0   ; 0; 0 ; 0 
13          ; Newman, Andrew            ; 1; 0    ; 29     ; 0      ; 0      ; 0      ; 0      ; .000   ; 0      ; .000   ; 0; 0    ; 0   ; 0; 0 ; 0 
2           ; GALLINGER, Fischer        ; 10; 10  ; 782    ; 0      ; 0      ; 0      ; 1      ; .000   ; 0      ; .000   ; 3; 0    ; 0   ; 0; 0 ; 0 
26          ; O'BRIEN, Thomas           ; 5; 5    ; 440    ; 0      ; 0      ; 0      ; 0      ; .000   ; 0      ; .000   ; 1; 0    ; 0   ; 0; 0 ; 0 
8           ; MICHAELSON, Christo       ; 6; 0    ; 84     ; 0      ; 0      ; 0      ; 4      ; .000   ; 2      ; .500   ; 0; 0    ; 0   ; 0; 0 ; 0 
26          ; O'BRIEN, Tomas            ; 11; 9   ; 929    ; 0      ; 0      ; 0      ; 1      ; .000   ; 0      ; .000   ; 2; 0    ; 0   ; 0; 0 ; 0 
12          ; OURADA, Connor            ; 9; 0    ; 369    ; 0      ; 0      ; 0      ; 3      ; .000   ; 1      ; .333   ; 1; 0    ; 0   ; 0; 0 ; 0 
0           ; WILLIS, Ben               ; 6; 6    ; 553    ; 0      ; 0      ; 0      ; 0      ; .000   ; 0      ; .000   ; 1; 0    ; 0   ; 0; 0 ; 0 
1           ; LOWRIMORE, Chris          ; 14; 12  ; 1059   ; 0      ; 0      ; 0      ; 0      ; .000   ; 0      ; .000   ; 1; 0    ; 0   ; 0; 0 ; 0 
23          ; OLSON, Sam                ; 9; 4    ; 386    ; 0      ; 0      ; 0      ; 2      ; .000   ; 2      ; 1.000  ; 0; 0    ; 0   ; 0; 0 ; 0 
21          ; FERGER, Dustin            ; 6; 3    ; 270    ; 0      ; 0      ; 0      ; 0      ; .000   ; 0      ; .000   ; 0; 0    ; 0   ; 0; 0 ; 1 
17          ; STRIAR, Ben               ; 3; 1    ; 114    ; 0      ; 1      ; 1      ; 2      ; .000   ; 0      ; .000   ; 1; 0    ; 0   ; 0; 0 ; 0 
18          ; WHITE, Ben                ; 17; 17  ; 1450   ; 0      ; 0      ; 0      ; 10     ; .000   ; 1      ; .100   ; 1; 0    ; 0   ; 0; 0 ; 2 
19          ; JEFFERY, Aaron            ; 9; 5    ; 470    ; 0      ; 0      ; 0      ; 0      ; .000   ; 0      ; .000   ; 0; 0    ; 0   ; 0; 0 ; 0 
22          ; CAVEY, Colton             ; 17; 6   ; 753    ; 0      ; 0      ; 0      ; 2      ; .000   ; 1      ; .500   ; 0; 0    ; 0   ; 0; 0 ; 0 
6           ; SIGURDSSON, David         ; 15; 13  ; 1151   ; 0      ; 0      ; 0      ; 3      ; .000   ; 1      ; .333   ; 3; 0    ; 0   ; 0; 0 ; 1 
15          ; CRISLER, Jalen            ; 18; 15  ; 1502   ; 0      ; 0      ; 0      ; 8      ; .000   ; 4      ; .500   ; 3; 0    ; 0   ; 0; 0 ; 1