Team: NJIT
Competition: NCAA Division I Men's Soccer Championship

Season: 2014
BlockSource: http://www.njithighlanders.com/custompages/Msoc/2014/teamstat.htm

*##           Player     GP-GS   Min     G       A       Pts     Sh      Shot%   SOG     SOG%    YC-RC   GW      PK-Att  FG  OT  Hat  GTG  Foul  Corners 

12          ; Marcel, Cristian          ; 19; 11  ; 1026   ; 5      ; 2      ; 12     ; 35     ; .143   ; 10     ; .286   ; 0; 0    ; 3      ; 0; 0 ; 3   ; 0    ; 0      ; 0 ; 0 ; 1 
10          ; Mercer, Joshua            ; 16; 12  ; 938    ; 5      ; 1      ; 11     ; 25     ; .200   ; 13     ; .520   ; 1; 0    ; 1      ; 0; 0 ; 2   ; 0    ; 0      ; 1 ; 0 ; 2 
3           ; Drljic, Marko             ; 16; 14  ; 1217   ; 3      ; 4      ; 10     ; 40     ; .075   ; 15     ; .375   ; 8; 0    ; 0      ; 0; 0 ; 1   ; 0    ; 0      ; 2 ; 0 ; 38 
22          ; McGeever, Stephen         ; 19; 7   ; 922    ; 2      ; 0      ; 4      ; 20     ; .100   ; 10     ; .500   ; 1; 0    ; 1      ; 0; 0 ; 0   ; 1    ; 0      ; 0 ; 0 ; 0 
14          ; Osipitan, Tommy           ; 17; 7   ; 658    ; 2      ; 0      ; 4      ; 18     ; .111   ; 9      ; .500   ; 0; 0    ; 0      ; 0; 0 ; 0   ; 0    ; 0      ; 1 ; 0 ; 1 
5           ; Myers, Jimmy              ; 19; 19  ; 1797   ; 2      ; 0      ; 4      ; 9      ; .222   ; 5      ; .556   ; 2; 0    ; 0      ; 0; 0 ; 0   ; 0    ; 0      ; 0 ; 0 ; 0 
9           ; Kausch, Victor            ; 17; 14  ; 1241   ; 1      ; 2      ; 4      ; 8      ; .125   ; 3      ; .375   ; 7; 0    ; 0      ; 0; 0 ; 0   ; 0    ; 0      ; 1 ; 0 ; 0 
17          ; Costa, Phillip            ; 19; 19  ; 1652   ; 0      ; 4      ; 4      ; 15     ; .000   ; 7      ; .467   ; 3; 0    ; 0      ; 0; 0 ; 0   ; 0    ; 0      ; 0 ; 0 ; 8 
30          ; Conrads, Brett            ; 13; 9   ; 866    ; 1      ; 1      ; 3      ; 7      ; .143   ; 2      ; .286   ; 0; 0    ; 0      ; 0; 0 ; 1   ; 0    ; 0      ; 0 ; 0 ; 0 
16          ; Cordeiro, Danny           ; 18; 15  ; 1330   ; 0      ; 3      ; 3      ; 28     ; .000   ; 10     ; .357   ; 7; 0    ; 0      ; 0; 0 ; 0   ; 0    ; 0      ; 0 ; 0 ; 8 
20          ; Keegan, Shaun             ; 10; 0   ; 272    ; 1      ; 0      ; 2      ; 6      ; .167   ; 3      ; .500   ; 0; 0    ; 1      ; 0; 0 ; 1   ; 0    ; 0      ; 0 ; 0 ; 1 
4           ; Onyeaka, Jonathan         ; 14; 12  ; 1082   ; 1      ; 0      ; 2      ; 6      ; .167   ; 1      ; .167   ; 1; 0    ; 1      ; 0; 0 ; 0   ; 0    ; 0      ; 0 ; 0 ; 0 
7           ; Blazic, Matija            ; 12; 3   ; 281    ; 1      ; 0      ; 2      ; 4      ; .250   ; 2      ; .500   ; 1; 0    ; 0      ; 0; 0 ; 0   ; 0    ; 0      ; 0 ; 0 ; 14 
23          ; Chippy, Jason             ; 12; 2   ; 361    ; 0      ; 1      ; 1      ; 17     ; .000   ; 7      ; .412   ; 0; 0    ; 0      ; 0; 0 ; 0   ; 0    ; 0      ; 0 ; 0 ; 0 
18          ; Gogic, Nikola             ; 19; 17  ; 1357   ; 0      ; 0      ; 0      ; 11     ; .000   ; 4      ; .364   ; 1; 0    ; 0      ; 0; 0 ; 0   ; 0    ; 0      ; 0 ; 0 ; 0 
6           ; Guirassy, Mamadou         ; 19; 11  ; 780    ; 0      ; 0      ; 0      ; 7      ; .000   ; 3      ; .429   ; 1; 0    ; 0      ; 0; 0 ; 0   ; 0    ; 0      ; 0 ; 0 ; 0 
2           ; Ueshiro, Ansel            ; 12; 2   ; 290    ; 0      ; 0      ; 0      ; 6      ; .000   ; 3      ; .500   ; 1; 0    ; 0      ; 0; 0 ; 0   ; 0    ; 0      ; 0 ; 0 ; 0 
8           ; Ward, William             ; 3; 0    ; 50     ; 0      ; 0      ; 0      ; 3      ; .000   ; 0      ; .000   ; 0; 0    ; 0      ; 0; 0 ; 0   ; 0    ; 0      ; 0 ; 0 ; 0 
27          ; Morales, Ivan             ; 3; 0    ; 36     ; 0      ; 0      ; 0      ; 1      ; .000   ; 0      ; .000   ; 0; 0    ; 0      ; 0; 0 ; 0   ; 0    ; 0      ; 0 ; 0 ; 0 
24          ; Listwan, Eugene           ; 19; 15  ; 1525   ; 0      ; 0      ; 0      ; 1      ; .000   ; 1      ; 1.000  ; 3; 0    ; 0      ; 0; 0 ; 0   ; 0    ; 0      ; 0 ; 0 ; 8 
13          ; Diveny, DJ                ; 4; 1    ; 130    ; 0      ; 0      ; 0      ; 1      ; .000   ; 0      ; .000   ; 0; 0    ; 0      ; 0; 0 ; 0   ; 0    ; 0      ; 0 ; 0 ; 0 
15          ; Farrell, Tom              ; 1; 0    ; 21     ; 0      ; 0      ; 0      ; 0      ; .000   ; 0      ; .000   ; 0; 0    ; 0      ; 0; 0 ; 0   ; 0    ; 0      ; 0 ; 0 ; 0 
11          ; Monahan, Michael          ; 6; 0    ; 89     ; 0      ; 0      ; 0      ; 0      ; .000   ; 0      ; .000   ; 0; 0    ; 0      ; 0; 0 ; 0   ; 0    ; 0      ; 0 ; 0 ; 0 
1           ; Foust, Christian          ; 18; 18  ; 1623   ; 0      ; 0      ; 0      ; 0      ; .000   ; 0      ; .000   ; 1; 0    ; 0      ; 0; 0 ; 0   ; 0    ; 0      ; 0 ; 0 ; 0
