Team: Siena College
Competition: NCAA Division I Men's Soccer Championship

Season: 2014
BlockSource: http://www.saintpeterspeacocks.com/sports/msoc/2014-15/teams/saintpeters?view=lineup

*## Name                 GP-GS  Min   G   A Pts  Sh Shot% SOG  SOG%  YC-RC GW  PK-ATT

14; Tejera, Alexander   ; 19; 19; 1535  ; 6  ; 3 ; 15 ; 48 ; .125 ; 18 ; .375  ; 7; 0  ; 3  ; 0; 0
9 ; Allen, Tom          ; 18; 7 ; 1037  ; 3  ; 7 ; 13 ; 36 ; .083 ; 19 ; .528  ; 8; 1  ; 2  ; 0; 0
8 ; Antic, Uros         ; 20; 19; 1718  ; 2  ; 2 ;  6 ; 24 ; .083 ; 11 ; .458  ; 3; 0  ; 0  ; 0; 0
11; Itoafa, David       ; 20; 20; 1768  ; 2  ; 0 ;  4 ; 12 ; .167 ;  3 ; .250  ; 4; 0  ; 1  ; 0; 0
17; Portela, Alex       ; 18; 6 ;  444  ; 2  ; 0 ;  4 ;  7 ; .286 ;  2 ; .286  ; 0; 0  ; 0  ; 0; 0
23; Rosero, Junior      ; 17; 6 ;  581  ; 1  ; 2 ;  4 ; 29 ; .034 ;  5 ; .172  ; 1; 0  ; 1  ; 0; 0
22; O'Brien, Matt       ; 20; 16; 1499  ; 1  ; 2 ;  4 ;  8 ; .125 ;  4 ; .500  ; 1; 0  ; 0  ; 0; 0
7 ; Olukanmi, Nathan    ; 15; 11;  755  ; 1  ; 1 ;  3 ; 10 ; .100 ;  3 ; .300  ; 0; 0  ; 0  ; 0; 0
21; Theobald, Nick      ; 20; 20; 1770  ; 1  ; 1 ;  3 ;  7 ; .143 ;  4 ; .571  ; 4; 0  ; 1  ; 1; 1
6 ; Markovic, Danilo    ; 20; 20; 1848  ; 1  ; 1 ;  3 ;  6 ; .167 ;  1 ; .167  ; 1; 0  ; 1  ; 0; 0
3 ; Needham, Matt       ; 11; 10;  931  ; 1  ; 1 ;  3 ;  4 ; .250 ;  3 ; .750  ; 1; 0  ; 1  ; 0; 0
13; Curto, Paolino      ; 17; 2 ;  452  ; 0  ; 2 ;  2 ;  6 ; .000 ;  2 ; .333  ; 0; 0  ; 0  ; 0; 0
10; Weddig, Nils        ; 20; 15; 1380  ; 0  ; 1 ;  1 ; 15 ; .000 ;  5 ; .333  ; 0; 0  ; 0  ; 0; 0
5 ; Sobot, Milorad      ;  9; 6 ;  524  ; 0  ; 1 ;  1 ;  1 ; .000 ;  0 ; .000  ; 0; 0  ; 0  ; 0; 0
12; Hidalgo, Enrique    ; 20; 10; 1022  ; 0  ; 0 ;  0 ;  3 ; .000 ;  1 ; .333  ; 0; 0  ; 0  ; 0; 0
16; Pruszko, Kamil      ; 13; 1 ;  199  ; 0  ; 0 ;  0 ;  2 ; .000 ;  1 ; .500  ; 1; 0  ; 0  ; 0; 0
2 ; Gadze, Peter        ;  8; 7 ;  555  ; 0  ; 0 ;  0 ;  2 ; .000 ;  0 ; .000  ; 1; 0  ; 0  ; 0; 0
33; Tauss, Ryan         ;  8; 3 ;  226  ; 0  ; 0 ;  0 ;  1 ; .000 ;  1 ;1.000  ; 0; 0  ; 0  ; 0; 0
25; Barrett, Phil       ;  7; 0 ;   98  ; 0  ; 0 ;  0 ;  1 ; .000 ;  0 ; .000  ; 0; 0  ; 0  ; 0; 0
20; Kloster, Marco      ; 11; 2 ;  180  ; 0  ; 0 ;  0 ;  1 ; .000 ;  0 ; .000  ; 2; 0  ; 0  ; 0; 0
35; Vyskocil, Ryan      ;  1; 0 ;   45  ; 0  ; 0 ;  0 ;  0 ; .000 ;  0 ; .000  ; 0; 0  ; 0  ; 0; 0
34; Weiss, Josh         ; 20; 20; 1822  ; 0  ; 0 ;  0 ;  0 ; .000 ;  0 ; .000  ; 1; 0  ; 0  ; 0; 0
28; Lonergan, Senan     ;  3; 0 ;   13  ; 0  ; 0 ;  0 ;  0 ; .000 ;  0 ; .000  ; 0; 0  ; 0  ; 0; 0
26; Williams, Trent     ;  3; 0 ;   34  ; 0  ; 0 ;  0 ;  0 ; .000 ;  0 ; .000  ; 0; 0  ; 0  ; 0; 0
24; Sherman, Chip       ;  3; 0 ;   35  ; 0  ; 0 ;  0 ;  0 ; .000 ;  0 ; .000  ; 0; 0  ; 0  ; 0; 0
